0 0 
100 100
500
35 34 17
12 35 47
96 95 88
6 22 65
67 30 17
23 13 16
42 37 23
56 70 65
93 8 48
49 30 87
17 45 80
17 28 41
24 21 85
20 74 9
73 84 26
14 78 65
78 61 36
76 38 55
40 58 62
59 47 16
79 96 55
12 53 81
69 45 77
59 27 25
95 59 94
58 45 19
91 80 75
50 91 84
69 72 36
69 27 87
17 7 63
72 3 83
98 59 19
50 92 81
6 87 21
35 74 15
20 4 6
61 14 45
34 58 92
98 30 12
12 94 85
59 47 97
2 38 66
50 21 58
46 91 44
97 14 98
28 80 62
37 63 100
41 2 53
9 20 10
91 50 64
82 51 58
88 49 63
9 15 91
62 23 75
10 70 48
79 38 11
25 61 72
80 90 64
74 11 100
19 95 100
97 7 4
38 14 52
51 74 62
15 22 18
4 61 80
70 23 8
64 52 31
37 31 62
42 91 3
41 81 83
15 9 87
79 58 79
55 90 54
57 72 36
7 50 43
25 43 20
57 16 59
97 15 89
97 76 13
42 51 64
80 50 14
36 82 45
13 94 78
11 41 96
6 8 65
80 56 18
58 60 95
72 69 93
87 33 29
26 83 70
5 12 66
45 41 77
20 57 18
9 28 92
83 47 24
59 38 47
53 55 53
86 69 26
24 98 49
83 36 3
56 99 79
75 2 91
57 88 6
58 55 12
86 65 74
14 85 14
34 8 4
86 8 40
2 81 36
77 16 75
37 71 55
40 19 10
56 21 11
73 36 77
82 27 65
43 84 10
43 5 2
65 52 10
55 70 75
61 77 13
16 84 49
27 3 3
70 88 50
74 50 90
19 93 88
35 75 58
56 59 31
6 64 37
19 30 66
74 76 36
67 92 37
63 7 31
59 43 40
2 77 56
63 51 57
26 16 69
34 83 98
27 5 29
65 39 22
61 22 40
61 90 93
58 55 34
27 90 93
9 62 24
67 35 95
37 24 91
98 14 82
2 55 76
42 82 9
79 81 14
32 15 51
95 55 55
43 34 78
63 82 99
79 37 13
88 5 72
87 77 39
69 13 10
63 37 11
54 24 76
78 45 42
37 40 29
5 48 12
35 3 97
40 97 40
10 46 73
70 56 84
20 65 55
98 57 45
14 32 29
69 45 47
37 36 44
22 70 36
48 64 60
23 68 4
94 37 62
39 44 100
2 45 87
30 36 87
61 22 40
97 62 22
96 35 8
16 78 25
71 57 26
32 58 52
30 75 22
57 19 18
69 26 10
68 22 53
98 92 35
97 7 54
47 50 59
13 22 96
91 40 54
31 67 87
9 56 23
60 33 96
58 20 85
24 3 45
99 65 77
18 29 95
10 95 29
27 88 29
34 49 70
66 87 76
4 9 58
6 3 99
38 58 12
38 21 63
45 12 46
87 44 85
65 62 16
34 86 81
99 79 95
33 5 98
32 32 15
88 86 63
10 32 82
2 99 22
93 59 99
22 55 94
55 14 38
71 4 24
5 57 73
16 64 39
99 86 30
68 51 59
14 17 25
31 39 10
9 46 46
48 44 58
89 12 68
89 90 25
9 34 72
86 18 61
95 48 99
39 38 92
12 38 1
94 19 43
28 46 84
26 47 38
75 66 30
25 45 21
50 6 71
81 2 25
33 84 34
72 30 36
19 58 5
34 93 27
97 65 5
58 86 20
46 71 61
1 14 77
78 53 42
74 86 84
94 97 22
32 37 42
70 90 82
38 49 62
69 57 29
3 25 62
84 33 1
71 33 97
97 57 42
9 93 92
25 92 21
54 8 37
95 23 87
42 44 18
21 81 4
84 21 73
54 11 11
60 67 67
67 66 72
32 18 29
96 76 29
2 76 22
63 4 83
63 37 13
74 11 85
62 59 83
34 51 80
86 25 62
27 97 33
75 63 76
33 8 32
38 16 77
67 83 80
22 62 65
17 54 84
16 80 66
12 96 96
50 65 45
94 64 54
28 62 24
19 7 33
97 71 32
7 64 6
92 95 53
43 53 71
38 20 2
44 81 46
62 19 21
77 35 93
60 49 42
80 97 6
17 37 94
31 22 52
63 28 69
70 9 45
19 20 57
65 93 99
4 4 76
71 29 36
23 17 33
40 10 83
50 32 58
48 54 79
31 49 47
33 85 90
70 65 9
9 8 48
50 76 43
95 76 60
9 18 1
90 6 7
59 32 32
24 11 46
76 15 97
55 92 82
27 10 47
83 94 43
13 59 60
66 85 11
78 65 10
46 91 79
52 5 47
69 63 94
63 44 83
28 84 49
29 19 43
57 12 7
7 24 52
35 25 96
35 13 5
61 5 3
34 67 50
87 96 15
22 29 20
58 50 45
87 64 62
98 44 44
47 66 19
89 87 33
65 41 70
85 70 45
51 14 43
7 12 69
6 24 62
62 75 62
31 99 99
47 94 93
42 26 12
93 15 36
29 61 80
57 33 59
67 94 75
87 57 31
42 7 16
98 41 46
45 37 12
30 53 29
28 89 43
34 41 36
4 2 66
4 2 27
77 12 61
67 38 55
70 43 3
34 40 10
13 66 33
82 92 50
26 16 63
62 12 100
19 82 62
61 71 89
27 57 68
32 93 54
91 68 34
97 38 31
82 16 27
38 8 14
83 2 16
61 78 88
41 44 48
55 53 31
18 31 39
5 13 35
80 78 54
19 53 57
25 2 97
26 85 65
70 78 17
56 25 91
38 23 80
64 34 66
81 69 48
45 11 5
61 81 98
93 86 52
45 85 71
93 5 9
75 76 28
7 73 41
47 9 96
87 67 95
96 57 45
30 89 45
83 53 96
9 12 9
4 18 26
81 15 82
13 71 87
77 31 86
52 39 77
84 72 53
16 67 19
42 34 44
67 3 15
47 30 10
54 40 99
44 47 63
85 18 9
62 33 78
87 59 24
18 74 15
30 60 82
89 54 3
60 31 85
9 25 63
92 15 36
86 94 58
35 28 14
56 35 65
50 33 30
33 71 80
26 39 86
32 12 14
28 92 12
67 21 1
73 90 63
48 18 69
30 62 60
59 83 13
32 3 58
8 2 47
15 96 36
93 47 47
92 37 96
56 12 64
90 17 15
72 59 88
9 46 79
26 48 33
44 69 40
51 77 47
54 25 75
40 25 85
1 63 97
24 13 21
40 11 63
31 86 33
52 53 51
65 67 7
25 93 20
56 18 7
81 46 71
6 71 9
41 23 81
85 29 5
95 33 49
9 40 98
7 81 89
92 64 87
14 33 76
2 56 99
1 78 22
77 22 94
72 54 23
92 24 76
9 27 54
26 99 70
33 84 53
67 91 75
69 9 56
77 52 76
31 40 25
78 37 2
27 79 14