Execution Time: 4 ms
Minimum UAV time: 8672.841
Optimal waypoint indicies: 
1 
2 
4 
5 
8 
10 
13 
14 
15 
16 
17 
18 
19 
20 
21 
24 
25 
27 
28 
29 
32 
33 
34 
36 
38 
39 
40 
42 
43 
45 
46 
47 
49 
52 
55 
56 
57 
60 
61 
62 
63 
64 
67 
68 
69 
71 
72 
73 
74 
76 
77 
78 
81 
83 
84 
85 
87 
88 
89 
90 
91 
92 
93 
95 
97 
98 
100 
101 
103 
104 
105 
106 
107 
108 
111 
112 
113 
115 
118 
120 
122 
123 
124 
127 
128 
131 
135 
139 
140 
141 
142 
143 
144 
145 
146 
148 
149 
153 
156 
157 
158 
159 
160 
162 
164 
165 
166 
171 
172 
174 
175 
176 
177 
178 
181 
182 
184 
185 
186 
187 
188 
189 
190 
191 
192 
193 
195 
196 
197 
198 
199 
200 
205 
206 
207 
209 
210 
213 
214 
215 
216 
217 
219 
220 
221 
222 
224 
225 
226 
227 
228 
229 
232 
234 
236 
238 
241 
242 
243 
244 
245 
246 
247 
248 
249 
250 
251 
253 
254 
256 
258 
259 
260 
262 
263 
264 
267 
270 
271 
273 
274 
275 
276 
277 
278 
279 
280 
281 
282 
283 
286 
288 
289 
292 
296 
297 
298 
299 
