0 0
100 100
100
1 33 91
40 87 40
1 74 90
36 40 86
22 54 27
73 84 88
63 91 42
56 42 53
91 98 85
97 30 5
20 56 90
61 64 17
76 69 24
81 82 41
90 47 17
16 71 46
54 97 83
38 25 97
48 49 27
9 34 18
69 51 65
71 15 50
96 35 53
24 62 91
10 76 97
39 80 5
34 16 6
88 66 80
58 65 94
56 86 44
41 12 54
25 49 33
46 10 98
95 41 99
39 2 81
84 67 62
80 3 33
79 78 2
70 84 1
59 3 60
74 31 99
29 65 44
7 28 18
96 52 84
94 62 82
37 49 60
4 6 5
25 47 56
94 19 29
3 61 47
94 13 39
9 56 8
96 54 77
13 52 94
13 13 97
47 34 34
5 9 82
76 35 79
9 36 20
77 65 35
54 98 38
9 78 67
70 4 71
17 65 44
10 66 73
5 60 71
91 46 90
32 55 30
59 82 85
28 68 40
12 24 17
75 88 39
85 78 62
72 84 90
2 13 12
99 84 29
70 55 67
69 96 53
21 73 97
85 71 43
88 29 20
55 96 91
71 24 99
81 18 67
9 6 74
91 54 40
20 86 5
42 43 39
99 93 69
81 17 79
98 5 32
88 53 75
30 55 72
35 38 20
75 50 51
94 16 63
21 85 69
15 8 55
25 51 88
21 8 19