0 0 
100 100
300
43 52 41
6 68 15
44 23 6
3 64 55
63 19 80
47 85 9
33 3 14
48 15 63
89 66 11
17 25 95
47 5 22
81 61 12
46 49 51
24 35 59
52 58 93
69 44 88
1 40 82
79 17 76
47 39 57
50 35 79
57 68 51
96 72 38
24 16 26
52 83 76
32 27 100
31 80 14
7 37 32
9 81 53
84 17 76
25 39 2
20 58 21
47 41 35
19 69 62
75 2 99
85 38 19
29 3 85
51 51 12
7 37 65
81 90 66
75 84 47
80 29 15
69 66 28
42 79 23
15 76 7
6 19 68
30 59 38
51 49 59
31 61 7
38 91 64
50 4 26
93 12 78
18 83 77
9 27 19
22 91 6
36 24 88
64 35 84
10 67 54
73 78 20
66 56 15
17 45 55
76 86 68
56 4 95
97 42 39
86 41 56
15 76 22
6 81 41
26 16 89
64 6 97
62 12 86
1 12 50
91 39 41
98 29 69
4 34 74
26 66 91
92 47 60
16 40 52
52 92 99
92 41 52
67 90 18
66 40 19
80 17 70
35 99 19
96 23 42
25 75 87
25 54 23
83 79 60
27 64 56
79 62 58
61 76 45
62 78 44
91 70 20
88 85 99
66 40 72
30 55 8
22 31 83
45 4 36
39 52 70
68 44 44
95 67 35
17 45 82
53 95 88
91 45 32
71 78 57
8 92 53
34 65 56
70 72 100
95 17 90
68 10 49
78 55 18
89 62 26
21 50 73
46 92 94
12 8 87
89 98 53
12 8 60
30 55 26
58 99 9
24 37 94
93 95 83
22 50 73
6 8 24
30 37 38
54 5 44
46 17 32
76 41 10
7 63 1
16 17 96
59 18 75
89 28 23
40 52 7
11 52 66
90 3 23
68 68 33
99 29 13
37 85 38
99 81 14
74 81 17
89 76 17
54 38 51
65 76 57
96 7 76
83 28 87
69 55 45
41 40 83
69 65 98
64 50 16
37 92 9
44 52 89
8 67 22
58 92 26
91 48 16
50 58 11
3 61 49
81 71 22
45 10 22
45 84 68
7 94 92
31 25 70
72 9 99
69 4 28
42 87 48
31 15 82
20 62 31
34 12 58
67 58 22
84 59 90
90 95 8
48 7 7
21 35 44
64 45 18
57 96 81
54 72 75
60 27 14
18 83 87
82 8 70
41 12 81
60 16 36
71 86 45
47 99 24
44 96 16
92 66 80
59 67 88
3 97 22
98 58 83
2 93 100
76 33 68
86 3 88
16 9 86
57 35 38
62 73 97
47 14 48
57 16 83
38 81 100
86 45 17
7 98 53
64 45 33
51 61 93
87 48 78
45 71 76
70 9 62
63 55 40
87 5 8
46 86 27
28 14 49
89 19 74
98 50 25
98 43 24
23 13 29
99 28 77
4 40 55
4 30 6
71 12 43
1 33 90
18 99 52
96 36 92
76 53 53
93 77 35
14 88 13
43 69 49
96 45 74
98 44 100
50 25 99
59 84 6
90 95 100
77 13 97
68 5 35
3 33 27
10 52 67
34 97 53
49 65 21
37 67 3
14 67 86
84 1 6
38 54 66
96 22 38
7 87 84
54 1 74
8 54 100
79 1 74
95 74 54
11 74 47
50 54 32
41 27 77
46 42 41
58 36 27
1 4 69
43 39 65
73 86 86
78 83 90
41 3 91
6 28 42
67 56 4
74 61 52
40 64 69
99 62 26
45 63 56
80 81 12
13 30 73
74 67 63
72 92 57
19 4 28
80 59 50
89 98 48
58 73 82
70 18 15
28 78 26
48 36 99
95 28 55
3 91 60
36 39 82
54 12 78
8 99 39
24 15 97
45 57 95
43 96 48
81 94 87
59 16 90
72 44 92
28 26 80
4 65 78
11 76 40
38 50 33
45 33 83
79 87 44
39 56 2
8 47 100
46 93 33
26 60 96
66 87 100
90 11 77
78 3 8
26 88 95
46 93 15
48 73 10
91 80 56
4 88 79
22 45 30
44 33 50
99 82 54
55 8 24