Execution Time: 8 ms
Minimum UAV time: 14120.711
Optimal waypoint indicies: 
2 
4 
6 
7 
8 
10 
11 
12 
13 
16 
17 
18 
19 
22 
23 
25 
27 
28 
29 
30 
31 
32 
34 
36 
39 
41 
42 
43 
44 
46 
47 
48 
49 
51 
52 
53 
54 
55 
56 
58 
59 
60 
61 
64 
66 
69 
71 
72 
73 
74 
75 
76 
77 
78 
79 
81 
83 
84 
85 
86 
88 
89 
91 
92 
93 
95 
97 
98 
100 
102 
103 
106 
109 
111 
115 
116 
120 
121 
124 
125 
126 
127 
129 
130 
131 
132 
134 
136 
137 
138 
142 
143 
144 
146 
147 
148 
149 
152 
154 
155 
156 
157 
161 
162 
163 
165 
167 
168 
170 
172 
173 
174 
175 
177 
178 
179 
180 
181 
188 
190 
192 
193 
194 
196 
198 
199 
200 
202 
205 
206 
207 
208 
210 
211 
212 
213 
214 
215 
216 
219 
221 
222 
225 
226 
228 
232 
233 
236 
237 
238 
241 
242 
244 
245 
246 
248 
253 
254 
255 
256 
259 
260 
262 
264 
265 
266 
267 
268 
269 
272 
274 
275 
276 
279 
281 
282 
283 
284 
286 
287 
288 
289 
290 
291 
292 
293 
294 
295 
298 
300 
301 
303 
305 
306 
308 
309 
310 
311 
312 
313 
314 
316 
317 
318 
319 
320 
321 
324 
325 
328 
329 
330 
331 
333 
334 
337 
339 
340 
341 
342 
344 
345 
348 
351 
352 
353 
356 
358 
359 
360 
361 
362 
363 
366 
367 
368 
369 
371 
373 
375 
376 
377 
378 
379 
384 
385 
386 
387 
388 
389 
395 
396 
397 
398 
399 
401 
402 
405 
406 
407 
408 
410 
411 
412 
415 
416 
417 
418 
420 
423 
424 
425 
426 
429 
432 
433 
435 
438 
440 
441 
444 
445 
446 
447 
448 
453 
454 
456 
457 
459 
460 
461 
463 
464 
465 
466 
467 
468 
469 
470 
471 
472 
474 
478 
480 
483 
484 
485 
486 
487 
489 
491 
492 
493 
494 
495 
496 
497 
